V2	V3	V4	V5	V6	V7	V8	V9	V10	V11	V12	V13	V14	V15	V16	V17	V18
104	Bombus	unif	none	8081.762023	1085.33819	228.5401836	0.028333333	0.006454972	0.003333333	0.000890871	0.004242424	0.000790206	0	0	0.003846154	0.001122558
73	Bombus	unif	none	4248.614744	1181.475247	302.5743275	0.054666667	0.024280765	0.00047619	0.00047619	0.002424242	0.001014133	0	0	0.000769231	0.00040542
75	Bombus	unif	none	3754.650943	1231.96938	283.2610726	0.052666667	0.024707174	0.000833333	0.000833333	0.001515152	0.000824332	0	0	0.00047619	0.000323508
72	Bombus	unif	none	5433.218431	1354.84237	363.7329682	0.064	0.022271057	0.000416667	0.000416667	0.001818182	0.000938905	0.001111111	0.001111111	0.002142857	0.001190476
78	Bombus	unif	none	3788.28901	1359.894141	212.4458044	0.036	0.014659089	0.001666667	0.001666667	0.001818182	0.001040943	0.001111111	0.001111111	0.000277778	0.000277778
74	Bombus	unif	none	5364.838231	1425.148878	344.4197133	0.060666667	0.027656625	0.000833333	0.000545545	0.003	0.001160034	0	0	0.001282051	0.000804055
62	Bombus	unif	none	3754.227592	1465.592051	357.2952166	0.070666667	0.034663461	0.000416667	0.000416667	0.000909091	0.000469453	0.001111111	0.001111111	0	0
84	Bombus	unif	none	5281.257144	1477.687326	148.0682879	0.022666667	0.004136558	0.0025	0.001595712	0.001666667	0.00113855	0.001666667	0.001666667	0.002380952	0.001198386
61	Bombus	unif	none	3953.327203	1553.855444	331.54421	0.062666667	0.036429536	0	0	0.001515152	0.000691015	0.001111111	0.001111111	0.000714286	0.000379346
76	Bombus	unif	none	5258.61206	1585.804247	280.0421968	0.05	0.020221001	0.002380952	0.001884816	0.000666667	0.000666667	0.003333333	0.000149806	0.001212121	0.000677596
78	Bombus	hr	none	4299.056061	1615.884794	214.181296	0.040853804	0.017247158	0.00189138	0.001903086	0.002063323	0.001203457	0.00126092	0.001268724	0.00031523	0.000317181
82	Bombus	unif	none	6101.672384	1665.332471	263.9478176	0.040666667	0.019927647	0.003333333	0.001781742	0.001818182	0.001219673	0.003333333	0.003333333	0.001282051	0.000601335
78	Bombus	hn	none	4588.882077	1753.135577	212.4453092	0.043608013	0.018649857	0.002018889	0.00203607	0.002202425	0.001293389	0.001345926	0.00135738	0.000336482	0.000339345
78	Bombus	hn	observer	4622.457945	1762.184128	215.89691	0.044765628	0.018857493	0.002042993	0.002064915	0.002091875	0.001284519	0.001361995	0.00137661	0.00036704	0.000379729
73	Bombus	hn	none	6072.954794	1766.779004	294.038706	0.078140339	0.035343717	0.000680665	0.000683147	0.003465203	0.001479551	0	0	0.001099536	0.000587078
104	Anthophora	unif	none	8510.466298	1814.083681	164.1626671	0.003333333	0	0.0025	0.001636634	0.006969697	0.002397581	0.003333333	0.003333333	0.004102564	0.001077737
78	Bombus	unif	adjust	4686.632699	1814.201579	212.7476353	0.044536934	0.019248768	0.002061895	0.002083418	0.00224934	0.001328375	0.001374597	0.001388945	0.000343649	0.000347236
73	Bombus	unif	adjust	6259.074378	1815.149701	291.725801	0.080535128	0.036379146	0.000701526	0.000703896	0.003571403	0.001522652	0	0	0.001133234	0.000604502
73	Anthophora	unif	none	20307.72411	1846.974917	395.9217265	0.004666667	0.001333333	0.003333333	0.001454786	0.014848485	0.002783923	0.004444444	0.002939724	0.014358974	0.001025641
72	Bombus	hr	none	7368.99971	1931.407984	346.8385876	0.086802323	0.031007739	0.000565119	0.000566957	0.002465975	0.001288884	0.001506985	0.001511885	0.002906328	0.001631577
105	Bombus	unif	none	10553.51566	1933.454462	260.7289418	0.035	0.015723302	0.002380952	0.000952381	0.004333333	0.000867806	0	0	0.007777778	0.002357023
72	Bombus	hr	observer	7438.968983	1969.126178	346.3316823	0.091056477	0.033735062	0.000634815	0.000637808	0.002419683	0.001400284	0.001692841	0.001700821	0.0026881	0.001475073
76	Bombus	hr	none	6437.715717	1986.038611	271.5059985	0.061211168	0.025073502	0.002914818	0.002315221	0.000816149	0.000817875	0.004080745	0.000313057	0.001483907	0.000835132
105	Anthophora	unif	none	13162.47398	2061.048697	206.0080528	0.001666667	0.00096225	0.002380952	0.000952381	0.011	0.001409842	0.003333333	0	0.008148148	0.002612359
74	Bombus	hr	none	7495.07798	2072.577709	321.5688697	0.084755845	0.039182821	0.001164229	0.000767393	0.004191223	0.00165231	0	0	0.001791121	0.001131716
75	Bombus	hr	none	6214.099711	2097.841078	232.2423619	0.087165471	0.041473261	0.0013792	0.001383544	0.002507637	0.001378763	0	0	0.000788115	0.000539065
76	Apis	unif	none	12253.82279	2118.983504	183.475922	0.004666667	0.002494438	0	0	0.002	0.001333333	0.02	0.000366949	0.011515152	0.002855568
78	Bombus	hn	adjust	4870.037885	2123.518549	214.2083412	0.046279828	0.0220535	0.002142585	0.002207244	0.002337365	0.001457895	0.00142839	0.001471496	0.000357097	0.000367874
62	Bombus	hr	none	5257.869965	2124.008323	344.2832186	0.098970064	0.049623419	0.00058355	0.00058669	0.0012732	0.000670647	0.001556133	0.001564506	0	0
78	Bombus	hr	adjust	4640.051214	2166.295256	216.1065658	0.044094271	0.022262764	0.002041401	0.00213041	0.002226983	0.001437884	0.001360934	0.001420274	0.000340234	0.000355068
78	Apis	unif	none	6918.180921	2169.520271	138.4116605	0.004666667	0.004666667	0	0	0.001818182	0.000824332	0.001111111	0.001111111	0.008055556	0.002999953
104	Bombus	unif	adjust	14827.8285	2198.195087	203.38515	0.051983937	0.012284662	0.006115757	0.001679006	0.007783691	0.001529971	0	0	0.007056643	0.002106707
62	Bombus	hn	observer	5645.163044	2217.090418	345.3486082	0.1076946	0.051928817	0.000605239	0.000608393	0.001291867	0.000784322	0.00161397	0.001622382	0	0
72	Bombus	hn	none	8479.020429	2244.86524	345.4900022	0.09987769	0.035873657	0.000650245	0.000652813	0.002837434	0.001486827	0.001733988	0.001740835	0.003344119	0.001881511
74	Bombus	hr	observer	8283.425934	2261.383313	320.0417473	0.083839968	0.036284572	0.001294156	0.000870763	0.004547438	0.001723763	0	0	0.002597915	0.001846955
72	Bombus	hn	observer	8379.200779	2273.704299	344.5301185	0.103819726	0.039243684	0.000738411	0.000741967	0.00270124	0.001624059	0.001969096	0.001978578	0.002937371	0.001626763
62	Bombus	hn	none	5683.683585	2274.378097	342.19799	0.106985249	0.053314506	0.000630809	0.000633242	0.001376311	0.000720948	0.001682158	0.001688645	0	0
72	Bombus	unif	adjust	8753.009176	2280.078699	346.1638665	0.103105111	0.036709972	0.000671257	0.000673159	0.002929122	0.001528599	0.001790019	0.00179509	0.00345218	0.001935425
82	Bombus	hr	none	7914.122653	2329.167125	258.1882006	0.052746357	0.026491492	0.004323472	0.002359518	0.002358257	0.001603137	0.004323472	0.004349603	0.001662874	0.000801161
84	Bombus	hn	none	7459.116832	2329.470844	145.2730782	0.032013839	0.007338623	0.003530938	0.002306356	0.002353959	0.00164088	0.002353959	0.0023765	0.003362798	0.001755679
62	Bombus	unif	adjust	5857.765806	2332.058906	342.3633637	0.110262038	0.054766536	0.00065013	0.000652108	0.001418465	0.000740816	0.00173368	0.001738955	0	0
84	Bombus	hn	observer	7532.878448	2348.270613	146.9578098	0.03187555	0.008317143	0.003325259	0.00220929	0.002347637	0.001591685	0.002609234	0.002665031	0.003615364	0.001968428
82	Bombus	hr	observer	8016.51247	2379.323487	261.0567493	0.051973404	0.026612669	0.004220061	0.002351549	0.002455637	0.001639623	0.004314034	0.004342784	0.001883352	0.001116337
84	Bombus	unif	adjust	7788.032076	2405.966163	145.0554888	0.033425513	0.007508165	0.003686637	0.002402146	0.002457758	0.001709544	0.002457758	0.002478746	0.003511083	0.001826049
84	Bombus	hr	none	7216.271729	2413.647938	146.5534094	0.03097157	0.00801018	0.003415982	0.00226846	0.002277321	0.001610715	0.002277321	0.002315247	0.003253316	0.001742631
72	Bombus	hr	adjust	8099.771444	2426.735453	348.4498427	0.095410368	0.036788755	0.000621161	0.000629669	0.002710522	0.001470313	0.00165643	0.001679118	0.003194544	0.001852349
75	Bombus	unif	adjust	7409.322218	2443.552653	237.9534268	0.103930914	0.048878441	0.001644476	0.001645383	0.002989957	0.00162974	0	0	0.000939701	0.000639163
76	Bombus	hn	none	7733.3003	2471.710501	270.5658446	0.073529861	0.030740165	0.003501422	0.002796513	0.000980398	0.000985884	0.004901991	0.000550141	0.001782542	0.001014205
84	Bombus	hr	observer	7342.860955	2471.841758	148.2298641	0.031057605	0.00889755	0.003234037	0.00216348	0.002287515	0.001572707	0.002550496	0.002654976	0.003530859	0.002022612
73	Bombus	hn	observer	7340.247515	2474.491501	294.1097376	0.076728031	0.035321717	0.000606247	0.000623823	0.004158639	0.001920751	0	0	0.002571592	0.002057917
74	Bombus	hn	none	8886.100261	2493.609701	321.3314559	0.100485804	0.04670205	0.0013803	0.0009122	0.004969078	0.001973288	0	0	0.002123538	0.00134558
74	Bombus	unif	adjust	9147.580013	2510.151809	321.7777177	0.103442669	0.047690992	0.001420916	0.000935328	0.005115297	0.002009021	0	0	0.002186024	0.001379214
104	Bombus	hn	none	15277.31666	2526.076332	203.1492852	0.053559769	0.013250827	0.006301149	0.001790386	0.008019645	0.001682192	0	0	0.007270557	0.002234914
76	Bombus	unif	adjust	7972.822502	2528.012838	271.5956555	0.075807289	0.031545325	0.003609871	0.002879472	0.001010764	0.001015606	0.005053819	0.000528525	0.001837752	0.001043003
82	Bombus	hn	none	8627.50136	2533.048388	257.340941	0.057500911	0.028855747	0.004713189	0.002570418	0.002570831	0.001746862	0.004713189	0.004740707	0.001812765	0.000872599
75	Bombus	hr	adjust	6426.886849	2588.397193	234.2073322	0.090150246	0.047242425	0.001426428	0.001464812	0.002593505	0.001535526	0	0	0.000815102	0.000585559
104	Bombus	hn	observer	14979.17322	2588.538911	204.4532605	0.058534049	0.015472112	0.006573333	0.001928533	0.007305387	0.001791185	0	0	0.006797595	0.002180321
76	Anthophora	unif	none	23528.12254	2601.184725	395.9217265	0.004	0.001943651	0.005714286	0.001884816	0.019333333	0.002666667	0.003333333	0.000149806	0.013939394	0.002689981
82	Bombus	unif	adjust	8985.221136	2620.086201	257.6413957	0.059885056	0.029982197	0.004908611	0.002671717	0.002677424	0.001816982	0.004908611	0.00493441	0.001887927	0.000906479
62	Bombus	hn	adjust	6188.483404	2667.450761	343.9376655	0.116487209	0.060975395	0.000686835	0.000698208	0.001498549	0.000820868	0.00183156	0.001861887	0	0
75	Bombus	hn	none	7777.534772	2671.291446	240.157805	0.109095849	0.052363942	0.0017262	0.001735072	0.003138546	0.001737022	0	0	0.0009864	0.000677567
62	Bombus	hr	adjust	6025.934992	2682.970014	346.0001553	0.113427524	0.060707215	0.000668794	0.00068395	0.001459188	0.000815714	0.001783452	0.001823867	0	0
82	Bombus	hn	observer	8925.815928	2723.620594	260.2410332	0.056712891	0.029016821	0.004608394	0.002567896	0.002785762	0.00185514	0.004702718	0.004734582	0.002232924	0.001497723
76	Bombus	hr	adjust	7738.332111	2732.582191	272.5826951	0.073577705	0.032683467	0.0035037	0.002847342	0.000981036	0.000997459	0.00490518	0.000919426	0.001783702	0.001049601
75	Bombus	hn	observer	7627.892171	2872.93366	239.5521455	0.114103706	0.058701353	0.001905754	0.001913671	0.002659562	0.001590968	0	0	0.000646673	0.000570853
72	Bombus	hn	adjust	9572.811337	2905.910847	346.7235811	0.11276188	0.04382651	0.000734127	0.000745045	0.003203463	0.001744734	0.001957672	0.001986787	0.003775509	0.002196971
84	Bombus	hn	adjust	7340.715811	2928.36275	146.8818211	0.031505673	0.010644768	0.00347489	0.002428095	0.002316594	0.00171415	0.002316594	0.002408422	0.003309419	0.00191313
74	Bombus	hn	observer	10224.96888	2948.223843	319.7372665	0.099461256	0.042750469	0.001597838	0.001099903	0.005577207	0.002155247	0	0	0.003463801	0.002621904
61	Bombus	unif	adjust	7515.046396	2966.915302	275.5638168	0.119125709	0.069391292	0	0	0.002880215	0.001317918	0.002112158	0.002113611	0.001357816	0.000722873
74	Bombus	hr	adjust	9169.943266	3009.579645	322.5057322	0.103695558	0.051323832	0.00142439	0.000972055	0.005127802	0.002215469	0	0	0.002191369	0.00143778
104	Anthophora	hr	observer	13768.45927	3011.501596	133.5423641	0.007139642	0.000786754	0.003963582	0.002518154	0.012268441	0.004250536	0.00504972	0.005070451	0.006005936	0.001685741
73	Bombus	hn	adjust	10341.27611	3140.905279	291.8814047	0.133060569	0.061294028	0.001159064	0.001167678	0.00590069	0.002571495	0	0	0.001872334	0.001012958
76	Bombus	hn	adjust	9186.727325	3274.964763	270.8773427	0.087349354	0.039035196	0.004159493	0.003386395	0.001164658	0.001185523	0.00582329	0.001124779	0.00211756	0.00125035
74	Bombus	hn	adjust	10381.40408	3296.958503	320.830453	0.117394999	0.057285424	0.001612569	0.001092344	0.005805247	0.002461665	0	0	0.002480875	0.001614713
82	Bombus	hn	adjust	9665.305019	3350.645097	257.9979492	0.064417706	0.034438526	0.00528014	0.003039643	0.002880076	0.002027719	0.00528014	0.00539941	0.002030823	0.001046785
61	Anthophora	unif	none	25451.54276	3416.437956	489.2691254	0.004	0.001943651	0.006666667	0.00243975	0.011818182	0.003125769	0.013333333	0.006938887	0.018809524	0.003416671
61	Bombus	hn	none	8653.283903	3451.132276	272.0569958	0.137168625	0.080276758	0	0	0.003316456	0.001529069	0.002432068	0.002437621	0.001563472	0.000837039
82	Bombus	hr	adjust	8851.53918	3469.70997	260.1000463	0.058994087	0.033334964	0.004835581	0.002920943	0.00263759	0.00191868	0.004835581	0.005023339	0.001859839	0.001017256
75	Apis	unif	none	33793.6167	3479.623415	811.1567079	0.038	0.015762121	0.0025	0.001372924	0.015757576	0.003274971	0	0	0.032619048	0.004107508
82	Anthophora	unif	none	22864.72937	3529.203443	440.985988	0.006666667	0.002788867	0.005714286	0.00331058	0.016363636	0.003799376	0.003333333	0.001924501	0.014871795	0.002962621
72	Apis	unif	none	21842.57946	3529.744605	479.6124979	0.011333333	0.011333333	0.000416667	0.000416667	0.012424242	0.002984502	0.001111111	0.001111111	0.021190476	0.004496738
105	Bombus	unif	adjust	17772.97399	3540.026428	243.3685582	0.058942831	0.026877082	0.004009716	0.001634218	0.007297684	0.001568815	0	0	0.013098407	0.00409931
104	Anthophora	hr	none	15373.96276	3578.80269	134.0225522	0.00602159	0.000563309	0.004516193	0.002986575	0.012590598	0.004488469	0.00602159	0.006047881	0.007411188	0.002066668
61	Bombus	hn	observer	8280.672999	3584.28879	267.8801121	0.14468971	0.08474199	0	0	0.003101671	0.001554978	0.001111113	0.001160146	0.001025924	0.000623364
78	Anthophora	unif	none	13664.30628	3620.620874	222.1024319	0	0	0.0075	0.004909903	0.006969697	0.001648663	0.002222222	0.001111111	0.007222222	0.002125417
61	Bombus	hr	observer	8231.300457	3630.889935	269.0455246	0.14375377	0.085334545	0	0	0.00308357	0.001565582	0.001111122	0.001111122	0.001022372	0.000606024
105	Bombus	hn	none	17615.13335	3648.260408	243.1113553	0.058419363	0.026843961	0.003974106	0.001635335	0.007232874	0.001608164	0	0	0.012982081	0.004129181
61	Apis	unif	none	17290.63684	3672.09092	347.6385891	0.001333333	0.001333333	0	0	0.007878788	0.002852351	0.002222222	0.002222222	0.018571429	0.004800212
62	Anthophora	unif	none	32241.24861	3675.187585	656.6506683	0.014	0.004136558	0.005833333	0.003605001	0.021818182	0.004342965	0.013333333	0.001924501	0.021794872	0.002658518
84	Bombus	hr	adjust	7424.524352	3695.048115	148.5436939	0.031865371	0.014346645	0.003514563	0.002669234	0.002343042	0.001868664	0.002343042	0.002533737	0.003347203	0.002176282
73	Anthophora	unif	adjust	37736.39879	3730.709431	334.4986077	0.008671735	0.002500328	0.006194096	0.002713963	0.027591883	0.00528253	0.008258795	0.005472048	0.02668226	0.002168337
75	Bombus	hn	adjust	9813.007767	3770.447026	237.2014869	0.137647525	0.070193173	0.002177967	0.002221068	0.00395994	0.0022953	0	0	0.001244553	0.000881359
61	Bombus	hr	none	9314.932805	3841.568503	270.5662383	0.147656837	0.087794268	0	0	0.00357004	0.001688117	0.002618029	0.002638362	0.001683019	0.000918202
105	Bombus	hr	observer	19419.91922	3848.095687	236.6961668	0.042232026	0.019316705	0.005325038	0.002836583	0.009148934	0.002816783	0	0	0.013921143	0.003336159
73	Apis	unif	none	35524.556	3864.999406	727.4659364	0.012666667	0.004988877	0.00047619	0.00047619	0.020606061	0.003728627	0.014444444	0.007286043	0.032051282	0.004568854
105	Apis	unif	none	31366.13023	3895.381517	511.8012562	0.0175	0.006579288	0.005714286	0.002489585	0.019666667	0.003598697	0.006666667	0.003333333	0.023333333	0.004303315
72	Anthophora	unif	none	25682.28736	3917.13089	505.3635045	0.003333333	0.002581989	0.005	0.001666667	0.016666667	0.002581989	0.007777778	0.004843221	0.018571429	0.004925753
61	Bombus	hn	adjust	10232.35338	4186.166551	271.2938727	0.162199445	0.096070698	0	0	0.00392165	0.001843106	0.002875877	0.002894343	0.001848778	0.001004032
105	Anthophora	unif	adjust	26324.74712	4213.057821	157.6483401	0.003333308	0.001927643	0.004761868	0.001911251	0.021999832	0.002912077	0.006666616	0.000220546	0.016296172	0.005252418
78	Apis	hr	observer	12487.16099	4225.90519	119.7935181	0.008464775	0.00855134	0	0	0.00328975	0.001552509	0.001985303	0.002026671	0.014536515	0.00572846
78	Apis	hr	none	12512.41103	4225.937173	117.7967673	0.008440261	0.008506364	0	0	0.003288413	0.001546885	0.002009586	0.002025325	0.014569498	0.005725141
104	Anthophora	unif	adjust	17020.90013	4254.55616	130.3241464	0.006666654	0.000870338	0.00499999	0.003337714	0.013939367	0.005128854	0.006666654	0.006723226	0.008205113	0.002406966
84	Anthophora	unif	none	17401.49119	4294.857874	167.3815429	0.001333333	0.000816497	0.0075	0.00550673	0.007777778	0.002533723	0.006666667	0.003333333	0.010952381	0.002790222
78	Apis	unif	adjust	13570.05879	4312.855546	116.8825279	0.009153698	0.009165899	0	0	0.003566376	0.001627389	0.002179452	0.002182357	0.015801027	0.005940748
76	Apis	unif	adjust	24081.81371	4322.998065	155.6662021	0.009171162	0.004922156	0	0	0.003930498	0.002627197	0.039304981	0.001966471	0.022630141	0.00571731
104	Bombus	hr	adjust	20088.37394	4410.598695	204.0405511	0.070426547	0.020176256	0.008285476	0.002640975	0.010545151	0.002685709	0	0	0.009560165	0.003247032
104	Bombus	hn	adjust	20134.72955	4432.421427	202.0084202	0.070589062	0.02025412	0.008304596	0.00265038	0.010569485	0.002697178	0	0	0.009582226	0.00325811
61	Bombus	hr	adjust	10233.55756	4470.119434	272.2071333	0.162218533	0.099238808	0	0	0.003922112	0.001938629	0.002876215	0.002927974	0.001848995	0.001043276
73	Anthophora	hn	none	43170.7426	4667.019255	330.0696672	0.009920534	0.002893121	0.007086096	0.003120227	0.031565335	0.006198965	0.009448128	0.006273693	0.03052472	0.002817082
76	Apis	hr	none	22296.70991	4786.464062	158.6950367	0.008491335	0.004665632	0	0	0.003639144	0.002469888	0.036391435	0.004656807	0.020952645	0.005839954
104	Anthophora	hn	none	19734.09071	4845.850464	130.9486292	0.007729342	0.000942269	0.005797006	0.003860271	0.016161351	0.005898297	0.007729342	0.007786565	0.009513036	0.002755038
104	Anthophora	hn	observer	19669.74161	4898.458171	133.4507077	0.009682039	0.002682194	0.005687669	0.003693395	0.017225568	0.00641929	0.007310207	0.007403757	0.008772033	0.002693073
75	Anthophora	unif	none	33262.35604	4952.869886	659.8695441	0.005333333	0.001333333	0.0075	0.003004626	0.026060606	0.006828612	0.006666667	0.001924501	0.020714286	0.004436206
78	Apis	hn	none	14607.92892	4958.147486	117.1384239	0.009853795	0.009936512	0	0	0.003839141	0.001810573	0.002346142	0.002365836	0.017009527	0.006708465
78	Apis	hn	observer	14588.68448	4987.817983	119.1257251	0.009938564	0.01005162	0	0	0.003852841	0.001825709	0.002295459	0.002367658	0.016978691	0.006752616
76	Apis	hn	none	25470.87697	5230.118515	155.9673689	0.009700164	0.005295127	0	0	0.004157213	0.002809474	0.041572132	0.00463539	0.02393547	0.006500878
78	Apis	hn	adjust	12978.02399	5331.812328	118.2905923	0.008754341	0.009057428	0	0	0.003410782	0.001791869	0.002084367	0.002156531	0.015111659	0.006910659
84	Anthophora	hr	none	20583.90166	5398.754253	165.1424469	0.001577175	0.000975908	0.008871611	0.006561218	0.009200189	0.00310632	0.007885877	0.004004565	0.012955369	0.003495028
76	Anthophora	unif	adjust	47056.15534	5421.992194	291.9232353	0.007999985	0.003895963	0.01142855	0.003787846	0.038666593	0.005479104	0.006666654	0.000302886	0.027878735	0.005455573
104	Apis	unif	none	37168.44906	5503.982761	743.5603155	0.0175	0.011169983	0.005833333	0.003133916	0.026666667	0.004168182	0.006666667	0.003333333	0.026666667	0.006591456
73	Anthophora	hn	observer	48177.2374	5671.671403	315.9269434	0.007315597	0.00226035	0.0065847	0.002799536	0.033048176	0.006490833	0.012170424	0.009709525	0.036644062	0.004927165
105	Bombus	hr	adjust	21883.63518	5673.26213	244.0805034	0.072575553	0.035216644	0.004937112	0.002172581	0.008985545	0.002440202	0	0	0.016127901	0.005713049
105	Bombus	hn	adjust	22418.24334	5680.394059	241.6012002	0.074348543	0.035845933	0.005057724	0.002208314	0.009205058	0.002448337	0	0	0.016521899	0.005782087
76	Apis	hr	observer	24724.36867	5744.709936	156.8501196	0.007324875	0.003701031	0	0	0.003515628	0.002488737	0.036706148	0.006078075	0.02447666	0.007426755
74	Anthophora	unif	none	38736.37559	5765.263367	746.7791914	0.016	0.006863753	0.00875	0.003388677	0.031333333	0.00747341	0.011666667	0.008333333	0.022051282	0.005264222
76	Apis	hn	observer	27018.14238	5847.301003	155.8913127	0.008344193	0.004366436	0	0	0.00396962	0.002794993	0.041316642	0.00621012	0.026387086	0.007577446
72	Apis	unif	adjust	34621.98675	5949.493512	450.8362838	0.017964111	0.01799476	0.000660445	0.000661572	0.019693276	0.004868619	0.001761187	0.001764192	0.033588358	0.00739298
105	Anthophora	hn	none	34007.33419	6019.678152	151.7775038	0.004306097	0.002511409	0.006151567	0.002512477	0.028420241	0.004332658	0.008612194	0.000710912	0.02105203	0.006969566
72	Apis	hn	none	34610.00499	6032.499375	452.9263037	0.017957894	0.017996157	0.000660217	0.000661623	0.019686461	0.00490069	0.001760578	0.001764329	0.033576734	0.007455029
104	Bombus	hr	none	19072.96549	6240.35717	205.1838584	0.066866692	0.025101029	0.00786667	0.003151016	0.010012125	0.003521476	0	0	0.009076926	0.003788451
78	Apis	hr	adjust	12515.66453	6436.886987	119.7968661	0.008442455	0.009116945	0	0	0.003289268	0.002005439	0.002010108	0.002170701	0.014573286	0.008046458
72	Apis	hn	observer	35317.08126	6455.002395	449.567131	0.019816419	0.019865234	0.000737809	0.000740742	0.019485905	0.005266878	0.001111167	0.001137936	0.034672928	0.008011248
61	Apis	unif	adjust	29377.21953	6458.826023	316.2724204	0.002265366	0.002269027	0	0	0.013386255	0.004905653	0.003775611	0.003781712	0.031553316	0.008350787
76	Apis	hr	adjust	26850.17681	6460.265612	159.756026	0.010225448	0.005727279	0	0	0.004382335	0.003012175	0.043823348	0.007352921	0.025231624	0.007548186
61	Apis	hn	observer	30453.44965	6719.063327	321.1062323	0.0024228	0.002437377	0	0	0.014018331	0.005234943	0.003801013	0.003840219	0.032632073	0.00860021
61	Apis	hn	none	30464.46951	6827.11214	317.1981553	0.002349207	0.002355212	0	0	0.01388168	0.00512276	0.003915346	0.003925353	0.032721104	0.008775511
61	Anthophora	unif	adjust	50201.80618	6840.791801	389.0725886	0.007889786	0.003838208	0.013149643	0.004822145	0.023310731	0.006189596	0.026299287	0.01370047	0.037100779	0.006795125
104	Anthophora	hr	adjust	23457.83155	6920.459701	134.4218622	0.009187836	0.001873918	0.006890877	0.004725	0.019210931	0.007682804	0.009187836	0.009376988	0.011308106	0.003760836
104	Anthophora	hn	adjust	19319.67331	6926.908993	132.9866031	0.007567025	0.002181553	0.005675269	0.004059649	0.015821961	0.007101432	0.007567025	0.007875217	0.009313262	0.00363248
75	Apis	unif	adjust	66420.15385	6970.216965	660.5993524	0.074687651	0.031016823	0.004913661	0.002700269	0.030970956	0.006467353	0	0	0.06411158	0.008176991
84	Anthophora	hn	none	24608.45294	6977.550292	163.9187885	0.001885544	0.001184268	0.010606183	0.007926844	0.010999004	0.003898118	0.009427718	0.00489408	0.015488394	0.004499207
84	Anthophora	hn	observer	24577.71089	7007.521752	165.902757	0.001904212	0.001199173	0.01050432	0.007923933	0.010924017	0.003951921	0.009613003	0.005243675	0.015549798	0.004530985
73	Apis	unif	adjust	60525.98298	7055.070164	666.5851984	0.021581197	0.008547748	0.000811323	0.000812033	0.035108168	0.006520304	0.024610137	0.012456419	0.054608293	0.008112568
62	Anthophora	unif	adjust	60002.21609	7083.800063	560.7419405	0.026054544	0.007739811	0.01085606	0.006717334	0.040604484	0.008178156	0.024813851	0.003661828	0.040561103	0.005102168
105	Anthophora	hr	none	34475.80257	7103.327665	151.641941	0.004365416	0.002587282	0.006236308	0.002630604	0.028811744	0.005340648	0.008730831	0.001169174	0.021342032	0.007415305
84	Anthophora	unif	adjust	25314.19867	7115.197026	164.5316509	0.001939619	0.001216078	0.010910358	0.008144002	0.011314445	0.003987611	0.009698096	0.005021407	0.015932586	0.004589874
82	Anthophora	unif	adjust	45517.41329	7123.568754	356.2339241	0.013271507	0.005562464	0.011375578	0.006597018	0.032575518	0.007610271	0.006635754	0.003834994	0.02960567	0.005947235
78	Anthophora	unif	adjust	27328.40406	7297.187005	168.9642181	0	0	0.014999886	0.009832211	0.013939288	0.003329266	0.004444411	0.002227045	0.014444334	0.00427747
73	Apis	hn	none	61082.73922	7423.897948	667.6961628	0.021779715	0.008658888	0.000818786	0.000819987	0.035431115	0.006692336	0.024836517	0.012600034	0.055110614	0.008404068
105	Anthophora	hn	observer	37682.84555	7528.647875	149.8189462	0.003539951	0.002190702	0.007204085	0.003418867	0.027917442	0.004188103	0.007079903	0.001577453	0.025998066	0.009202117
72	Anthophora	unif	adjust	48420.19091	7580.988304	432.3957692	0.006284512	0.00487303	0.009426768	0.003159881	0.031422559	0.004993119	0.014663861	0.00914589	0.035013708	0.009368926
84	Anthophora	hr	adjust	20642.58519	7727.975746	167.1745424	0.001581672	0.001066002	0.008896904	0.006996004	0.009226419	0.0039723	0.007908359	0.004537759	0.012992304	0.004932638
76	Anthophora	hr	observer	53765.26287	7769.63402	280.3663679	0.007800242	0.003917315	0.011767464	0.003956679	0.045627823	0.008521669	0.006726543	0.000929513	0.032319288	0.007396101
105	Apis	unif	adjust	61104.17649	7788.526111	426.5238713	0.034091649	0.012854357	0.011131967	0.004860456	0.038312519	0.007096287	0.012987295	0.006504334	0.045455531	0.00848414
76	Apis	hn	adjust	24445.89647	7940.522718	157.8745462	0.009309817	0.005596196	0	0	0.003989922	0.002877339	0.039899217	0.010983814	0.022972276	0.008506293
76	Anthophora	hr	none	57418.76735	8043.590695	282.4970481	0.009761725	0.004817123	0.013945322	0.004753664	0.047181672	0.007670032	0.008134771	0.000737965	0.034018134	0.007187581
62	Apis	unif	none	39632.12622	8130.171775	769.3113221	0.007333333	0.004136558	0.00125	0.00087684	0.016060606	0.004065578	0.024444444	0.017881641	0.038461538	0.010490909
73	Apis	hn	observer	65627.63719	8158.832917	647.7017713	0.018684778	0.007114566	0.00061688	0.000620789	0.038703305	0.007911282	0.028967009	0.015000693	0.058811491	0.009026348
76	Anthophora	hn	none	63756.91864	8214.542458	279.2323573	0.01083927	0.005315544	0.015484672	0.005209258	0.052389805	0.008014608	0.009032725	0.000646541	0.037773214	0.007705928
62	Anthophora	hn	none	66037.60142	8231.867958	557.4430692	0.028675267	0.008595241	0.011948028	0.007408443	0.044688728	0.009176634	0.027309778	0.00417565	0.044640984	0.005892576
105	Anthophora	hr	observer	36131.8701	8269.674274	149.1107386	0.003018048	0.001845691	0.006812926	0.003438	0.026579518	0.004896526	0.006036095	0.001217164	0.025324096	0.009584253
105	Anthophora	hn	adjust	40395.7211	8278.584453	151.8252613	0.005115011	0.003029597	0.007307159	0.00307839	0.033759074	0.006216366	0.010230022	0.001352543	0.025006721	0.008672307
73	Apis	hr	observer	62203.35121	8408.794376	647.9766249	0.017375576	0.006594468	0.000567654	0.000569801	0.036727583	0.007860418	0.02758719	0.014456825	0.055720336	0.009079607
75	Apis	hn	none	75427.94872	8528.639955	654.8924831	0.08481667	0.035403782	0.005580044	0.00307546	0.035171187	0.007492199	0	0	0.07280629	0.009778674
72	Anthophora	hn	none	52432.08107	8585.770662	430.2194992	0.00680522	0.005286876	0.010207829	0.003456554	0.034026098	0.005647821	0.015878846	0.009932927	0.037914795	0.010306931
62	Anthophora	hn	observer	66254.6304	8627.04311	559.508448	0.030604328	0.00930613	0.012608124	0.007940025	0.043941079	0.008852324	0.026141388	0.003208232	0.044984738	0.006708885
82	Anthophora	hn	none	52172.76716	8652.783325	352.0222088	0.015212008	0.006430226	0.013038864	0.007595399	0.037338565	0.008960546	0.007606004	0.004415511	0.03393448	0.007066713
61	Anthophora	hn	observer	60919.48596	8655.172513	383.0078952	0.00877199	0.004406828	0.015560124	0.005689803	0.02819093	0.007480283	0.03005569	0.015610847	0.045890206	0.008376341
73	Anthophora	hn	adjust	60530.83147	8732.773325	321.8184906	0.013909841	0.004268636	0.009935601	0.004476737	0.044258585	0.009665615	0.013247468	0.008887086	0.042799511	0.005685096
61	Anthophora	hn	none	60194.24877	8748.665571	381.2387421	0.009460212	0.004626967	0.01576702	0.005836651	0.027950627	0.007554913	0.031534041	0.01650465	0.044485522	0.008452316
72	Anthophora	hn	observer	52929.27133	8993.191695	430.6940423	0.006744386	0.005583487	0.009395436	0.003080902	0.033179876	0.00618442	0.015363141	0.010767567	0.040056834	0.010969513
105	Apis	hn	none	66997.61808	9286.539588	424.9470372	0.037379757	0.014240403	0.012205635	0.005370538	0.042007727	0.008110076	0.014239907	0.007173711	0.049839676	0.009690326
76	Anthophora	hn	observer	65702.66685	9302.625587	277.6954547	0.009681772	0.004883267	0.014524432	0.004905623	0.055589706	0.010127145	0.008315354	0.001324651	0.039448622	0.008904421
105	Apis	hn	observer	67517.16196	9314.80811	427.2331067	0.0363288	0.014102746	0.01169595	0.005225375	0.043068524	0.007969564	0.01354814	0.006729634	0.050527668	0.009938466
72	Apis	hn	adjust	47451.57566	9319.060948	441.8713355	0.024620926	0.024773779	0.000905181	0.000910801	0.026990854	0.007149206	0.002413816	0.002428802	0.046034924	0.011037473
78	Anthophora	hn	observer	35953.53629	9381.992077	164.8808183	0	0	0.018584167	0.011680736	0.018330943	0.004476392	0.005732419	0.002958582	0.020091898	0.00631306
75	Apis	hn	observer	75700.29164	9583.489356	644.9788212	0.101952144	0.046362389	0.006901249	0.004036623	0.036004591	0.008561026	0	0	0.070416944	0.010728904
75	Anthophora	unif	adjust	63942.23461	9658.20342	545.3577452	0.010252589	0.002576292	0.014417703	0.005787527	0.050097876	0.013188346	0.012815736	0.003713823	0.039820322	0.008587526
61	Apis	hn	adjust	40135.0178	9771.023269	312.8905934	0.003094933	0.003116778	0	0	0.018288239	0.00696952	0.005158221	0.00519463	0.043107991	0.012266863
82	Apis	unif	none	49284.87627	9778.320078	1097.636656	0.042666667	0.0143527	0.005238095	0.003698787	0.034545455	0.010281618	0.001111111	0.001111111	0.038717949	0.011413857
78	Anthophora	hn	none	35645.96409	9855.511628	162.2801698	0	0	0.019565189	0.012901246	0.018181792	0.004534122	0.005797093	0.002934465	0.018840552	0.005740651
84	Anthophora	hn	adjust	28158.58266	9959.05746	165.4851066	0.002157561	0.001429818	0.01213628	0.009426284	0.012585772	0.00519375	0.010787804	0.006046684	0.017722822	0.006367281
61	Apis	hr	none	36460.92936	9968.610115	313.0497351	0.002811613	0.002852987	0	0	0.016614074	0.006660412	0.004686021	0.004754978	0.039161747	0.012162593
104	Apis	hr	none	62783.76391	10123.07497	658.4076532	0.029560444	0.018961971	0.009853481	0.005330896	0.045044487	0.007604507	0.011261122	0.005676199	0.045044487	0.011498867
75	Apis	hr	observer	74819.58593	10145.6746	656.6520908	0.100333076	0.045507494	0.006759183	0.003949204	0.03575403	0.008709087	0	0	0.069564782	0.010983163
61	Apis	hr	observer	37683.72867	10159.52093	315.2385101	0.003589664	0.003755611	0	0	0.018496142	0.008401011	0.003833904	0.003956956	0.039744119	0.011534831
73	Apis	hr	none	66686.16164	10210.94594	667.52071	0.023777676	0.009709133	0.000893898	0.000899071	0.038681387	0.008146154	0.027114894	0.013985778	0.060166184	0.010750833
105	Apis	hr	none	65987.49769	10237.77388	428.8543637	0.036816184	0.014258502	0.012021611	0.005355518	0.041374378	0.008492404	0.014025213	0.007132856	0.049088245	0.010138942
76	Anthophora	hn	adjust	64547.07774	10265.32361	281.2153517	0.010973604	0.005477813	0.015676578	0.0054726	0.053039088	0.009502044	0.00914467	0.001074512	0.038241349	0.008577531
82	Anthophora	hr	observer	51555.93854	10456.78887	335.5668562	0.010175971	0.004347759	0.008733863	0.005119225	0.044811217	0.014863788	0.005072194	0.002972184	0.03275286	0.008820748
104	Apis	unif	adjust	69351.39638	10523.83886	653.4235664	0.032652679	0.020869791	0.010884226	0.00585859	0.049756463	0.007950226	0.012439116	0.00623321	0.049756463	0.012408874
62	Anthophora	hr	none	72121.28966	10758.21508	553.7868956	0.031316965	0.009731417	0.013048735	0.008161268	0.04880566	0.010790284	0.029825681	0.005173768	0.048753517	0.007574282
74	Anthophora	unif	adjust	71237.51837	10841.56647	647.9680935	0.029424547	0.012657273	0.016091549	0.006252844	0.057623071	0.013865339	0.021455399	0.015340448	0.040553061	0.009766504
75	Apis	hr	none	81227.66866	10866.68414	658.1345837	0.091338297	0.038681311	0.006009099	0.003339688	0.03787553	0.008510652	0	0	0.078404428	0.011929799
82	Anthophora	hn	observer	58153.74701	11042.56543	333.2126751	0.012280128	0.005255017	0.010502064	0.006183857	0.04921499	0.015388135	0.006172403	0.003595339	0.037111817	0.009334109
62	Anthophora	hn	adjust	78087.24665	11092.11334	554.52662	0.033907541	0.01042266	0.014128142	0.008812926	0.052842921	0.011432366	0.032292896	0.005405285	0.052786465	0.007840641
104	Apis	hn	observer	71510.39401	11198.35708	653.3770696	0.032888138	0.021140602	0.010425253	0.00593637	0.05293292	0.009019296	0.014523965	0.007419771	0.050618125	0.012581546
62	Anthophora	hr	observer	73439.74263	11200.68013	557.3084471	0.032238121	0.010770448	0.013525206	0.008566123	0.050157359	0.011549584	0.031141247	0.005808326	0.048929913	0.007585433
74	Anthophora	hn	observer	78663.56148	11211.34252	640.7998489	0.033778629	0.014740156	0.019195663	0.007157361	0.061785137	0.013104933	0.024091172	0.018211699	0.044566294	0.009602074
104	Apis	hn	none	70938.58582	11222.12731	653.5613768	0.033399975	0.021399579	0.011133325	0.006013305	0.050895199	0.008444486	0.0127238	0.006401188	0.050895199	0.012895189
75	Anthophora	hn	observer	73184.11026	11263.41942	538.8706615	0.015286636	0.004801948	0.01637622	0.00655404	0.057745052	0.01484382	0.014674963	0.003667629	0.04520751	0.009879043
76	Anthophora	hr	adjust	65652.46158	11375.65397	283.1377246	0.01116153	0.005624256	0.015945043	0.00567332	0.053947395	0.010352503	0.009301275	0.001265946	0.038896241	0.009125351
105	Apis	hr	adjust	74071.67208	11409.76605	428.0563882	0.04132656	0.015986994	0.013494387	0.006006425	0.046443182	0.009493897	0.015743451	0.008001392	0.05510208	0.011335185
75	Anthophora	hn	none	72742.61477	11426.38312	539.7826249	0.011663654	0.002973703	0.016402013	0.00662194	0.056992855	0.015203382	0.014579568	0.00427147	0.045300799	0.009962786
82	Anthophora	hn	adjust	64876.8108	11568.37429	347.5163776	0.018916125	0.008091396	0.016213821	0.009504388	0.046430488	0.011549961	0.009458062	0.00552552	0.042197509	0.009211827
78	Anthophora	hr	none	38519.49849	11652.65666	162.21301	0	0	0.021142401	0.014180815	0.019647483	0.005461158	0.006264415	0.003262946	0.020359349	0.006688015
73	Apis	hn	adjust	71176.65491	11656.35656	666.4508206	0.02537881	0.010467249	0.000954091	0.000961211	0.041286103	0.009019356	0.028940748	0.015021903	0.064217637	0.012065824
72	Apis	hr	observer	44919.05475	11658.7011	443.2441423	0.025963025	0.026570377	0.000976281	0.001008316	0.024479805	0.008018654	0.001111209	0.001121577	0.044291941	0.013277263
78	Anthophora	hr	observer	39840.29757	11813.07749	164.103372	0	0	0.020387965	0.012970119	0.019718341	0.005190972	0.005842119	0.003047222	0.022965757	0.008107181
61	Apis	hr	adjust	38313.52971	11966.99502	313.4315697	0.002954472	0.003030971	0	0	0.017458245	0.007478995	0.00492412	0.005051619	0.041151577	0.014211541
74	Anthophora	hn	none	76623.57978	11988.87539	645.176145	0.031649251	0.013662714	0.017308184	0.00675493	0.061979783	0.015082662	0.023077579	0.016521578	0.04361916	0.010623757
104	Apis	hr	observer	67119.87821	11994.70336	656.3455671	0.035685394	0.023122279	0.010524886	0.006490012	0.049048493	0.009279965	0.012424623	0.006399552	0.047237693	0.013340523
105	Anthophora	hr	adjust	36358.43267	12039.99187	153.5456397	0.004603799	0.002978174	0.006576856	0.003256304	0.030385075	0.009683567	0.009207598	0.002686655	0.022507463	0.009757155
78	Anthophora	hn	adjust	42215.76647	12253.22586	161.8118888	0	0	0.023171191	0.015415533	0.021532824	0.005696739	0.006865538	0.003527829	0.022312999	0.007078654
105	Apis	hr	observer	71010.03535	12296.2287	424.0553752	0.033748981	0.013456414	0.010647562	0.004872025	0.046768412	0.009831906	0.012204855	0.00590828	0.054348382	0.013003674
75	Apis	hr	adjust	93660.39166	12595.93552	653.6300037	0.105318555	0.044625378	0.006928852	0.003852039	0.043672766	0.009831646	0	0	0.090405025	0.013811817
75	Apis	hn	adjust	92515.21385	12772.09652	651.8863021	0.104030834	0.044198987	0.006844134	0.003810923	0.043138783	0.009804184	0	0	0.089299651	0.013924299
82	Anthophora	hr	none	61847.92675	12845.19424	349.4121263	0.018032993	0.007949069	0.015456851	0.009208949	0.044262802	0.011977176	0.009016497	0.005354342	0.040227447	0.009770854
104	Apis	hr	adjust	74219.09902	12875.16099	656.7138081	0.034944537	0.02252697	0.011648179	0.006345799	0.053248818	0.009613896	0.013312204	0.006763927	0.053248818	0.014013955
72	Anthophora	hn	adjust	68781.72614	12961.63059	426.5342901	0.008927259	0.006985251	0.013390888	0.00470323	0.044636293	0.008498342	0.02083027	0.013174282	0.049737584	0.01429444
73	Apis	hr	adjust	77397.11974	13076.55261	665.1978568	0.027596785	0.011439628	0.001037473	0.001046104	0.044894291	0.009983371	0.031470017	0.016386977	0.06982992	0.013437217
72	Anthophora	hr	adjust	69703.73006	13109.33376	427.5058417	0.009046927	0.007078074	0.01357039	0.004763557	0.045234633	0.008595531	0.021109495	0.013348532	0.050404305	0.014473712
105	Apis	hn	adjust	74933.36126	13452.63673	426.0978655	0.041807319	0.016626093	0.01365137	0.006205321	0.046983464	0.010536279	0.015926598	0.008226623	0.055743092	0.0125664
104	Bombus	hr	observer	22497.64685	13536.22746	206.2319435	0.083731221	0.051062896	0.010534882	0.007614462	0.010371256	0.006071232	0	0	0.010250833	0.007129912
82	Anthophora	hr	adjust	69231.61689	13597.52478	348.0128209	0.020185855	0.008793044	0.017302161	0.010241933	0.049547099	0.012982903	0.010092928	0.005954694	0.045029984	0.010506178
82	Apis	hr	observer	71790.58096	13683.85855	983.7580282	0.063644687	0.021076583	0.007905942	0.005353127	0.049045945	0.014260488	0.001600201	0.001603222	0.056931212	0.015760324
61	Anthophora	hn	adjust	80907.33753	13693.08788	376.2107069	0.01271551	0.006316117	0.021192517	0.008057439	0.037568553	0.010664377	0.042385034	0.022486384	0.059793173	0.012488081
78	Anthophora	hr	adjust	42498.35645	13708.69901	163.7467019	0	0	0.023326297	0.015862126	0.021676963	0.006495765	0.006911496	0.00368223	0.022462361	0.007795717
75	Anthophora	hr	observer	78764.96435	13765.1677	540.7832172	0.016688154	0.006493946	0.017415131	0.007274308	0.062335481	0.016915024	0.01565634	0.0042651	0.048736154	0.011438658
62	Anthophora	hr	adjust	76584.70773	13816.17027	555.4843776	0.033255099	0.010870569	0.013856291	0.008779641	0.051826128	0.012607036	0.031671523	0.006364722	0.051770758	0.009606321
82	Apis	hr	none	69029.30082	13834.25558	983.0672065	0.059759715	0.020173637	0.007336572	0.005184746	0.048384997	0.014465547	0.001556243	0.001556865	0.054229068	0.01605992
104	Apis	hn	adjust	76139.49799	14390.73083	655.1072923	0.035848717	0.023265842	0.011949572	0.006571442	0.054626617	0.010680351	0.013656654	0.007014184	0.054626617	0.014949366
72	Anthophora	hr	none	65237.05832	14686.86464	428.3254006	0.008467192	0.006706854	0.012700788	0.004727215	0.042335961	0.009600156	0.019756782	0.012730111	0.047174356	0.014750503
75	Anthophora	hr	none	81701.17383	14808.07642	539.4322565	0.013100082	0.003543766	0.01842199	0.00762172	0.064011765	0.01803008	0.016375103	0.005020821	0.050879783	0.012098638
72	Apis	hr	none	48438.7773	15056.51831	445.3061208	0.025133149	0.026004063	0.000924013	0.000956032	0.027552383	0.009865465	0.002464034	0.002549418	0.046992653	0.015973075
62	Apis	hn	observer	82807.02477	15290.61634	650.4912366	0.01289849	0.007285789	0.00260328	0.001736578	0.034499386	0.008255655	0.047490149	0.030296223	0.080619928	0.019462373
61	Anthophora	hr	none	74570.88521	15290.89112	379.1090349	0.011719664	0.005977475	0.019532774	0.00776305	0.034626281	0.010615183	0.039065548	0.021213026	0.055110327	0.013160055
61	Anthophora	hr	observer	74652.06163	15332.692	381.5507854	0.009479356	0.00497008	0.018197636	0.00726088	0.034250662	0.010679588	0.035300915	0.018474253	0.057633023	0.01427033
62	Apis	unif	adjust	74108.42215	15363.01123	663.2822247	0.013712657	0.007745821	0.002337385	0.001641097	0.030031853	0.007655007	0.045708857	0.033464888	0.071919531	0.019734326
61	Anthophora	hr	adjust	83804.18496	15670.27744	376.1493252	0.013170783	0.006625528	0.021951305	0.00852644	0.038913676	0.011471257	0.043902609	0.023551567	0.061934038	0.013840666
72	Anthophora	hr	observer	66654.47218	15929.45746	428.7573591	0.009025277	0.008017993	0.013860737	0.005999488	0.042064178	0.010489095	0.017559061	0.0127517	0.048728907	0.014736007
62	Apis	hn	none	79240.65534	16719.4464	661.0044354	0.0146623	0.008302258	0.002499256	0.001757494	0.03211165	0.008281828	0.048874335	0.035833934	0.076900177	0.021316255
82	Apis	hn	observer	89416.04135	16970.34179	985.8175954	0.082202679	0.027499335	0.010210712	0.006930651	0.06026824	0.017452671	0.002067112	0.002074583	0.070947295	0.01921566
75	Anthophora	hn	adjust	91670.51468	17305.98493	536.4832029	0.01469858	0.004051252	0.020669879	0.008621131	0.071822608	0.020582688	0.018373225	0.00571643	0.057088236	0.013905727
82	Apis	hn	adjust	81086.09946	17782.20814	983.7766837	0.070197469	0.024507628	0.008617993	0.006138474	0.056836019	0.017729701	0.001828059	0.00183602	0.063700828	0.01969917
74	Anthophora	hn	adjust	103622.1951	17985.71255	633.6286757	0.042800987	0.018754599	0.02340679	0.009302808	0.0838186	0.021347217	0.031209053	0.022465735	0.05898854	0.015035192
82	Apis	hr	adjust	83833.24398	18148.55036	979.8077801	0.072575714	0.025210039	0.008909965	0.00633876	0.058761586	0.018214407	0.001889993	0.001897068	0.065858971	0.020235452
82	Apis	hn	none	89265.84137	18284.30012	986.2362291	0.077278796	0.026291858	0.009487352	0.006716708	0.06256948	0.018892684	0.002012469	0.002015074	0.070126792	0.020978947
82	Apis	unif	adjust	91536.13539	18391.51279	985.4786999	0.079244224	0.026775188	0.009728644	0.006876627	0.064160806	0.01920393	0.002063652	0.002064688	0.071910323	0.021321026
75	Anthophora	hr	adjust	98590.5826	18577.40263	534.9181602	0.015808154	0.004353235	0.022230216	0.00926836	0.077244388	0.022118397	0.019760192	0.006143703	0.06139774	0.01493857
62	Apis	hn	adjust	101731.1037	22895.81535	656.0919427	0.018823822	0.010760115	0.003208606	0.002270264	0.041225726	0.011111835	0.062746074	0.046266204	0.09872634	0.028437666
62	Apis	hr	none	95216.95163	22915.58617	659.8594622	0.017618476	0.010182498	0.003003149	0.00214026	0.038585917	0.010908122	0.058728252	0.043592103	0.092404592	0.027757982
62	Apis	hr	adjust	103328.2908	23175.96528	657.288253	0.019119358	0.01092328	0.003258981	0.002305113	0.041872974	0.011259467	0.063731192	0.046977678	0.100276352	0.028824037
62	Apis	hr	observer	106336.5252	26275.80668	636.5010793	0.012652843	0.007775043	0.003154823	0.00218569	0.046154757	0.014733139	0.050849937	0.023941211	0.104795491	0.030557914
74	Anthophora	hr	observer	126277.6234	43066.88254	634.0318099	0.064778812	0.040496247	0.034150196	0.019427094	0.098428473	0.035229495	0.044777126	0.040897181	0.067089697	0.023696015
74	Anthophora	hr	none	127768.2535	44656.39444	632.6421514	0.052774479	0.028126088	0.028861043	0.014430242	0.103350022	0.040936914	0.038481391	0.030060115	0.072734058	0.028819283
73	Anthophora	hr	adjust	89319.19057	66993.59063	314.0721757	0.020525337	0.016367993	0.014660955	0.012652455	0.065307892	0.050140587	0.01954794	0.019467616	0.063154884	0.047235494
73	Anthophora	hr	none	103160.3579	73793.56954	312.1155721	0.023706005	0.018132476	0.016932861	0.014105181	0.075428197	0.055355019	0.022577147	0.021900106	0.072941553	0.05201533
73	Anthophora	hr	observer	117834.2167	106885.9774	308.3052504	0.012638924	0.006302193	0.011655053	0.008299027	0.079109569	0.069622036	0.035040683	0.047407657	0.094093932	0.091918232
